9903
11180
9283
10926
9167
8473
8955
12210
10101
8563
7702
7183
9556
9914
10102
10268
10125
10317
9870
11926
10620
9069
9546
8442
10778
11654
12323
10476
10926
11587
10281
14025
14100
11707
12304
12427
15969
13822
14713
13640
12938
13092
11309
14483
16674
14983
14820
13970
16528
15223
14325
13264
13363
13677
12651
15465
14050
11224
11405
9303
12998
12457
9941
12736
10347
11766
12832
14886
12553
13286
12918
12743
14686
11826
12634
14230
13179
10795
12858
10956
14598
13433
13855
13803
14660
15811
15466
14305
14516
14284
13737
13718
15564
13239
13763
11508
15085
13516
13367
17811
13341
14026
11502
15057
16477
12710
13016
10490
16721
12773
12347
11789
15425
13202
11976
15962
15832
11367
16375
9422
10775
13305
11065
12280
14010
9947
10975
12006
13488
14183
13124
11488
10963
11246
8948
11422
11251
9513
10417
10333
10993
11502
10435
11361
11618
11081
11290
10900
9967
10326
10190
10377
11059
11416
12734
11587
13307
11175
11620
10762
11861
10391
10302
12279
12149
11296
11519
11546
13923
10873
9452
11312
11611
9471
10907
11607
9783
10974
10521
8533
13380
11131
10809
12321
10508
10139
13700
11058
10887
15486
13696
15904
8185
11624
12736
14212
14931
15111
17191
14995
16016
19200
19083
18861
17440
18917
18494
21340
18352
19359
22714
19703
18361
21465
22207
22596
22441
26092
24051
19025
23184
24633
22938
26753
23736
23206
24831
25250
27067
28300
24288
25774
25945
28161
25704
25761
24242
25127
25314
23289
25841
25262
23277
23063
25405
22411
22821
24766
17524
21307
19248
16083
20075
19301
18327
20683
20316
19979
21926
20512
19013
21830
19359
18632
24076
23977
21549
23740
20704
21547
21612
15289
18165
17952
17681
20022
11150
15124
16380
17917
16663
15850
15960
13785
14929
12857
13545
15945
13644
15213
16079
14448
16145
17575
16910
18094
18897
15954
17542
21177
14679
16953
17976
15642
16130
18793
13933
15020
14671
14873
16743
16824
15122
18177
17115
15938
16860
15143
18000
15725
17470
19638
18433
20387
19359
20219
18645
21277
19168
19692
23372
19030
20861
23820
21066
23900
21612
23541
23765
24354
22185
24058
27009
22388
24427
26172
27676
29882
23495
28890
30409
27191
26265
31146
30281
26644
29148
28167
30456
29811
26358
31643
30488
26771
28714
29585
26533
27026
25829
25034
26810
22824
25795
29300
28928
25713
27838
28704
26379
28080
24384
25402
26261
21176
24613
23640
20685
24023
25003
23228
26128
24801
22930
26143
23621
25059
25208
23662
24128
26255
27029
26238
31630
25915
25894
29540
28182
29608
27032
27990
29177
28226
26220
30744
30160
28341
30325
30295
33473
33785
28233
30688
29718
33743
31501
33538
33734
34484
36995
28884
33277
32637
30389
31189
33470
29894
32512
34347
31548
33707
33080
31228
32916
28237
32695
29350
30879
26727
30174
32448
29711
32056
28825
30346
29192
28777
24667
27532
20108
26742
21557
23492
21077
19672
20160
18534
14974
16056
13836
14176
13300
13848
13502
16100
17941
17226
21127
21623
20261
19318
